score1,score2,pm,level,pitch_right,note_hold_time_right,timing_right,n_missing_notes_right,n_extra_notes_right,summed_right,pitch_left,note_hold_time_left,timing_left,n_missing_notes_left,n_extra_notes_left,summed_left
4.0,4.0,None,"(<NoteRangePerHand.TWO_NOTES: 3>, [0.5, 0.25], 'right')",0.055555555555556,2.3535,0.057666666666667,0.055555555555556,0.0,2.52227777777778,0.0,0.0,0.0,0.0,0.0,0.0
3.0,2.0,None,"(<NoteRangePerHand.TWO_NOTES: 3>, [0.5, 0.25], 'right')",0.0,2.396,0.025833333333333,0.0,0.0,2.42183333333333,0.0,0.0,0.0,0.0,0.0,0.0
3.0,3.0,None,"(<NoteRangePerHand.TWO_NOTES: 3>, [0.5, 0.25], 'right')",0.055555555555556,2.32,0.066444444444445,0.055555555555556,0.0,2.49755555555556,0.0,0.0,0.0,0.0,0.0,0.0
3.0,2.0,None,"(<NoteRangePerHand.TWO_NOTES: 3>, [0.5, 0.25], 'right')",0.0,2.3205,0.021611111111112,0.0,0.0,2.34211111111111,0.0,0.0,0.0,0.0,0.0,0.0
5.0,5.0,None,"(<NoteRangePerHand.TWO_NOTES: 3>, [0.5, 0.25], 'right')",0.166666666666667,2.072,0.277777777777777,0.277777777777778,0.0,2.79422222222222,0.0,0.0,0.0,0.0,0.0,0.0
2.0,2.0,None,"(<NoteRangePerHand.TWO_NOTES: 3>, [0.5, 0.25], 'right')",0.0,2.593,0.024,0.0,0.0,2.617,0.0,0.0,0.0,0.0,0.0,0.0
2.0,3.0,None,"(<NoteRangePerHand.TWO_NOTES: 3>, [0.5, 0.25], 'right')",0.0,2.524,0.022333333333334,0.0,0.0,2.54633333333333,0.0,0.0,0.0,0.0,0.0,0.0
2.0,2.0,None,"(<NoteRangePerHand.TWO_NOTES: 3>, [0.5, 0.25], 'right')",0.0,2.363,0.022666666666667,0.0,0.0,2.38566666666667,0.0,0.0,0.0,0.0,0.0,0.0
3.0,2.0,None,"(<NoteRangePerHand.TWO_NOTES: 3>, [0.5, 0.25], 'right')",0.0,2.3505,0.024611111111111,0.0,0.0,2.37511111111111,0.0,0.0,0.0,0.0,0.0,0.0
2.0,3.0,None,"(<NoteRangePerHand.TWO_NOTES: 3>, [0.5, 0.25], 'right')",0.0,2.3745,0.054055555555556,0.0,0.0,2.42855555555555,0.0,0.0,0.0,0.0,0.0,0.0
5.0,5.0,None,"(<NoteRangePerHand.TWO_NOTES: 3>, [0.5, 0.25], 'right')",0.055555555555556,1.6055,0.007888888888889,0.444444444444444,0.0,2.11338888888889,0.0,0.0,0.0,0.0,0.0,0.0
4.0,4.0,None,"(<NoteRangePerHand.TWO_NOTES: 3>, [0.5, 0.25], 'right')",0.055555555555556,2.0805,0.021444444444445,0.166666666666667,0.0,2.32416666666667,0.0,0.0,0.0,0.0,0.0,0.0
4.0,3.0,None,"(<NoteRangePerHand.TWO_NOTES: 3>, [0.5, 0.25], 'right')",0.166666666666667,2.404,0.052833333333333,0.0,0.055555555555556,2.67905555555556,0.0,0.0,0.0,0.0,0.0,0.0
1.0,2.0,None,"(<NoteRangePerHand.TWO_NOTES: 3>, [0.5, 0.25], 'right')",0.0,2.3585,0.019,0.0,0.0,2.3775,0.0,0.0,0.0,0.0,0.0,0.0
5.0,4.0,None,"(<NoteRangePerHand.TWO_NOTES: 3>, [0.5, 0.25], 'right')",0.0,1.657,0.029166666666667,0.333333333333333,0.0,2.0195,0.0,0.0,0.0,0.0,0.0,0.0
5.0,5.0,None,"(<NoteRangePerHand.TWO_NOTES: 3>, [0.5, 0.25], 'right')",0.0,1.332,0.009166666666667,0.611111111111111,0.0,1.95227777777778,0.0,0.0,0.0,0.0,0.0,0.0
5.0,5.0,None,"(<NoteRangePerHand.TWO_NOTES: 3>, [0.5, 0.25], 'right')",0.0,1.949,0.037,0.277777777777778,0.055555555555556,2.31933333333333,0.0,0.0,0.0,0.0,0.0,0.0
3.0,2.0,None,"(<NoteRangePerHand.TWO_NOTES: 3>, [0.5, 0.25], 'right')",0.0,2.1915,0.028555555555556,0.0,0.0,2.22005555555555,0.0,0.0,0.0,0.0,0.0,0.0
2.0,2.0,None,"(<NoteRangePerHand.TWO_NOTES: 3>, [0.5, 0.25], 'right')",0.0,2.224,0.021666666666666,0.0,0.0,2.24566666666666,0.0,0.0,0.0,0.0,0.0,0.0
2.0,1.0,None,"(<NoteRangePerHand.TWO_NOTES: 3>, [0.5, 0.25], 'right')",0.0,1.9935,0.0255,0.0,0.0,2.019,0.0,0.0,0.0,0.0,0.0,0.0
