score1,score2,pm,level,pitch_right,note_hold_time_right,timing_right,n_missing_notes_right,n_extra_notes_right,summed_right,pitch_left,note_hold_time_left,timing_left,n_missing_notes_left,n_extra_notes_left,summed_left
3.0,2.0,None,"(<NoteRangePerHand.TWO_NOTES: 3>, [0.5, 0.25], 'right')",0.0,2.3735,0.026190476190476,0.047619047619048,0.0,2.44730952380952,0.0,0.0,0.0,0.0,0.0,0.0
5.0,4.0,None,"(<NoteRangePerHand.TWO_NOTES: 3>, [0.5, 0.25], 'right')",0.285714285714286,1.915,0.082095238095239,0.142857142857143,0.0,2.42566666666667,0.0,0.0,0.0,0.0,0.0,0.0
4.0,3.0,None,"(<NoteRangePerHand.TWO_NOTES: 3>, [0.5, 0.25], 'right')",0.047619047619048,1.9705,0.027857142857143,0.047619047619048,0.0,2.09359523809524,0.0,0.0,0.0,0.0,0.0,0.0
4.0,3.0,None,"(<NoteRangePerHand.TWO_NOTES: 3>, [0.5, 0.25], 'right')",0.0,2.1595,0.019285714285714,0.047619047619048,0.0,2.22640476190476,0.0,0.0,0.0,0.0,0.0,0.0
2.0,1.0,None,"(<NoteRangePerHand.TWO_NOTES: 3>, [0.5, 0.25], 'right')",0.0,1.9525,0.023095238095238,0.0,0.0,1.97559523809524,0.0,0.0,0.0,0.0,0.0,0.0
3.0,3.0,None,"(<NoteRangePerHand.TWO_NOTES: 3>, [0.5, 0.25], 'right')",0.0,2.2015,0.022380952380953,0.047619047619048,0.0,2.2715,0.0,0.0,0.0,0.0,0.0,0.0
3.0,4.0,None,"(<NoteRangePerHand.TWO_NOTES: 3>, [0.5, 0.25], 'right')",0.047619047619048,2.4515,0.08852380952381,0.0,0.0,2.58764285714286,0.0,0.0,0.0,0.0,0.0,0.0
4.0,3.0,None,"(<NoteRangePerHand.TWO_NOTES: 3>, [0.5, 0.25], 'right')",0.095238095238095,2.226,0.015380952380953,0.047619047619048,0.0,2.3842380952381,0.0,0.0,0.0,0.0,0.0,0.0
3.0,3.0,None,"(<NoteRangePerHand.TWO_NOTES: 3>, [0.5, 0.25], 'right')",0.0,2.6105,0.034952380952381,0.0,0.0,2.64545238095238,0.0,0.0,0.0,0.0,0.0,0.0
3.0,4.0,None,"(<NoteRangePerHand.TWO_NOTES: 3>, [0.5, 0.25], 'right')",0.095238095238095,1.4005,0.03952380952381,0.047619047619048,0.0,1.58288095238095,0.0,0.0,0.0,0.0,0.0,0.0
2.0,4.0,None,"(<NoteRangePerHand.TWO_NOTES: 3>, [0.5, 0.25], 'right')",0.0,1.301,0.069285714285715,0.0,0.0,1.37028571428571,0.0,0.0,0.0,0.0,0.0,0.0
3.0,3.0,None,"(<NoteRangePerHand.TWO_NOTES: 3>, [0.5, 0.25], 'right')",0.0,1.319,0.071,0.0,0.0,1.39,0.0,0.0,0.0,0.0,0.0,0.0
4.0,2.0,None,"(<NoteRangePerHand.TWO_NOTES: 3>, [0.5, 0.25], 'right')",0.238095238095238,1.4175,0.050619047619048,0.0,0.0,1.70621428571429,0.0,0.0,0.0,0.0,0.0,0.0
2.0,2.0,None,"(<NoteRangePerHand.TWO_NOTES: 3>, [0.5, 0.25], 'right')",0.0,1.90800000000001,0.024619047619048,0.0,0.0,1.93261904761905,0.0,0.0,0.0,0.0,0.0,0.0
2.0,1.0,None,"(<NoteRangePerHand.TWO_NOTES: 3>, [0.5, 0.25], 'right')",0.0,1.649,0.014714285714286,0.0,0.0,1.66371428571429,0.0,0.0,0.0,0.0,0.0,0.0
5.0,5.0,None,"(<NoteRangePerHand.TWO_NOTES: 3>, [0.5, 0.25], 'right')",0.142857142857143,0.655500000000001,0.005809523809524,0.666666666666667,0.0,1.47083333333333,0.0,0.0,0.0,0.0,0.0,0.0
2.0,1.0,None,"(<NoteRangePerHand.TWO_NOTES: 3>, [0.5, 0.25], 'right')",0.0,1.8625,0.024238095238096,0.0,0.0,1.88673809523809,0.0,0.0,0.0,0.0,0.0,0.0
3.0,4.0,None,"(<NoteRangePerHand.TWO_NOTES: 3>, [0.5, 0.25], 'right')",0.0,2.76,0.060190476190476,0.0,0.0,2.82019047619047,0.0,0.0,0.0,0.0,0.0,0.0
2.0,1.0,None,"(<NoteRangePerHand.TWO_NOTES: 3>, [0.5, 0.25], 'right')",0.0,1.751,0.016857142857143,0.0,0.0,1.76785714285715,0.0,0.0,0.0,0.0,0.0,0.0
