score1,score2,pm,level,pitch_right,note_hold_time_right,timing_right,n_missing_notes_right,n_extra_notes_right,summed_right,pitch_left,note_hold_time_left,timing_left,n_missing_notes_left,n_extra_notes_left,summed_left
,,slower,"(<NoteRangePerHand.C_TO_G: 5>, [0.5, 0.25, 1, 0.125], 'right')",0.16,1.4595,0.13472,0.0,0.08,1.83422,0.0,0.0,0.0,0.0,0.0,0.0
,,slower,"(<NoteRangePerHand.C_TO_G: 5>, [0.5, 0.25, 1, 0.125], 'right')",0.32,1.8515,0.07388,0.0,0.04,2.28538,0.0,0.0,0.0,0.0,0.0,0.0
,,slower,"(<NoteRangePerHand.C_TO_G: 5>, [0.5, 0.25, 1, 0.125], 'right')",0.16,1.3395,0.05024,0.0,0.08,1.62974,0.0,0.0,0.0,0.0,0.0,0.0
,,slower,"(<NoteRangePerHand.C_TO_G: 5>, [0.5, 0.25, 1, 0.125], 'right')",0.12,1.603,0.05168,0.0,0.08,1.85468,0.0,0.0,0.0,0.0,0.0,0.0
,,slower,"(<NoteRangePerHand.C_TO_G: 5>, [0.5, 0.25, 1, 0.125], 'right')",0.12,2.574,0.15764,0.0,0.16,3.01164,0.0,0.0,0.0,0.0,0.0,0.0
,,slower,"(<NoteRangePerHand.C_TO_G: 5>, [0.5, 0.25, 1, 0.125], 'right')",0.0,1.7125,0.08168,0.0,0.04,1.83418,0.0,0.0,0.0,0.0,0.0,0.0
,,slower,"(<NoteRangePerHand.C_TO_G: 5>, [0.5, 0.25, 1, 0.125], 'right')",0.0,1.871,0.02976,0.0,0.04,1.94076,0.0,0.0,0.0,0.0,0.0,0.0
,,slower,"(<NoteRangePerHand.C_TO_G: 5>, [0.5, 0.25, 1, 0.125], 'right')",0.12,1.6845,0.06084,0.0,0.0,1.86534,0.0,0.0,0.0,0.0,0.0,0.0
,,slower,"(<NoteRangePerHand.C_TO_G: 5>, [0.5, 0.25, 1, 0.125], 'right')",0.0,1.6195,0.04204,0.0,0.04,1.70154,0.0,0.0,0.0,0.0,0.0,0.0
,,slower,"(<NoteRangePerHand.C_TO_G: 5>, [0.5, 0.25, 1, 0.125], 'right')",0.0,1.3065,0.02932,0.0,0.04,1.37582,0.0,0.0,0.0,0.0,0.0,0.0
,,slower,"(<NoteRangePerHand.C_TO_G: 5>, [0.5, 0.25, 1, 0.125], 'right')",0.08,1.668,0.0296,0.0,0.04,1.8176,0.0,0.0,0.0,0.0,0.0,0.0
,,slower,"(<NoteRangePerHand.C_TO_G: 5>, [0.5, 0.25, 1, 0.125], 'right')",0.0,1.3835,0.03496,0.0,0.0,1.41846,0.0,0.0,0.0,0.0,0.0,0.0
,,slower,"(<NoteRangePerHand.C_TO_G: 5>, [0.5, 0.25, 1, 0.125], 'right')",0.04,1.803,0.03604,0.0,0.08,1.95904,0.0,0.0,0.0,0.0,0.0,0.0
,,slower,"(<NoteRangePerHand.C_TO_G: 5>, [0.5, 0.25, 1, 0.125], 'right')",0.12,1.8005,0.04416,0.0,0.12,2.08466,0.0,0.0,0.0,0.0,0.0,0.0
,,slower,"(<NoteRangePerHand.C_TO_G: 5>, [0.5, 0.25, 1, 0.125], 'right')",0.36,2.5435,0.46168,0.04,0.16,3.56518,0.0,0.0,0.0,0.0,0.0,0.0
,,slower,"(<NoteRangePerHand.C_TO_G: 5>, [0.5, 0.25, 1, 0.125], 'right')",0.04,1.7635,0.0396,0.0,0.0,1.8431,0.0,0.0,0.0,0.0,0.0,0.0
,,slower,"(<NoteRangePerHand.C_TO_G: 5>, [0.5, 0.25, 1, 0.125], 'right')",0.0,1.803,0.0368,0.0,0.0,1.8398,0.0,0.0,0.0,0.0,0.0,0.0
,,slower,"(<NoteRangePerHand.C_TO_G: 5>, [0.5, 0.25, 1, 0.125], 'right')",0.04,1.699,0.0806,0.0,0.08,1.8996,0.0,0.0,0.0,0.0,0.0,0.0
,,slower,"(<NoteRangePerHand.C_TO_G: 5>, [0.5, 0.25, 1, 0.125], 'right')",0.16,2.5435,0.15244,0.0,0.08,2.93594,0.0,0.0,0.0,0.0,0.0,0.0
,,slower,"(<NoteRangePerHand.C_TO_G: 5>, [0.5, 0.25, 1, 0.125], 'right')",0.08,2.147,0.06088,0.0,0.12,2.40788,0.0,0.0,0.0,0.0,0.0,0.0
,,slower,"(<NoteRangePerHand.C_TO_G: 5>, [0.5, 0.25, 1, 0.125], 'right')",0.2,2.311,0.07996,0.0,0.16,2.75096,0.0,0.0,0.0,0.0,0.0,0.0
,,slower,"(<NoteRangePerHand.C_TO_G: 5>, [0.5, 0.25, 1, 0.125], 'right')",0.36,1.825,0.09044,0.0,0.0,2.27544,0.0,0.0,0.0,0.0,0.0,0.0
,,slower,"(<NoteRangePerHand.C_TO_G: 5>, [0.5, 0.25, 1, 0.125], 'right')",0.04,1.5805,0.06844,0.0,0.04,1.72894,0.0,0.0,0.0,0.0,0.0,0.0
,,slower,"(<NoteRangePerHand.C_TO_G: 5>, [0.5, 0.25, 1, 0.125], 'right')",0.16,2.466,0.14352,0.0,0.12,2.88952,0.0,0.0,0.0,0.0,0.0,0.0
,,slower,"(<NoteRangePerHand.C_TO_G: 5>, [0.5, 0.25, 1, 0.125], 'right')",0.04,1.779,0.20956,0.0,0.12,2.14856,0.0,0.0,0.0,0.0,0.0,0.0
,,slower,"(<NoteRangePerHand.C_TO_G: 5>, [0.5, 0.25, 1, 0.125], 'right')",0.0,1.619,0.06176,0.0,0.08,1.76076,0.0,0.0,0.0,0.0,0.0,0.0
,,slower,"(<NoteRangePerHand.C_TO_G: 5>, [0.5, 0.25, 1, 0.125], 'right')",0.0,1.52,0.0346,0.0,0.0,1.5546,0.0,0.0,0.0,0.0,0.0,0.0
,,slower,"(<NoteRangePerHand.C_TO_G: 5>, [0.5, 0.25, 1, 0.125], 'right')",0.88,5.7715,0.5318,0.08,0.32,7.5833,0.0,0.0,0.0,0.0,0.0,0.0
,,slower,"(<NoteRangePerHand.C_TO_G: 5>, [0.5, 0.25, 1, 0.125], 'right')",0.0,1.3795,0.02556,0.0,0.0,1.40506,0.0,0.0,0.0,0.0,0.0,0.0
,,slower,"(<NoteRangePerHand.C_TO_G: 5>, [0.5, 0.25, 1, 0.125], 'right')",0.32,2.0385,0.19268,0.0,0.12,2.67118,0.0,0.0,0.0,0.0,0.0,0.0
,,slower,"(<NoteRangePerHand.C_TO_G: 5>, [0.5, 0.25, 1, 0.125], 'right')",0.04,1.6605,0.04916,0.0,0.08,1.82966,0.0,0.0,0.0,0.0,0.0,0.0
,,slower,"(<NoteRangePerHand.C_TO_G: 5>, [0.5, 0.25, 1, 0.125], 'right')",0.08,2.0375,0.19988,0.0,0.08,2.39738,0.0,0.0,0.0,0.0,0.0,0.0
,,slower,"(<NoteRangePerHand.C_TO_G: 5>, [0.5, 0.25, 1, 0.125], 'right')",0.12,2.857,0.27148,0.0,0.0,3.24848,0.0,0.0,0.0,0.0,0.0,0.0
,,slower,"(<NoteRangePerHand.C_TO_G: 5>, [0.5, 0.25, 1, 0.125], 'right')",0.0,1.5795,0.04008,0.0,0.04,1.65958,0.0,0.0,0.0,0.0,0.0,0.0
,,slower,"(<NoteRangePerHand.C_TO_G: 5>, [0.5, 0.25, 1, 0.125], 'right')",0.08,2.591,0.24764,0.0,0.08,2.99864,0.0,0.0,0.0,0.0,0.0,0.0
,,slower,"(<NoteRangePerHand.C_TO_G: 5>, [0.5, 0.25, 1, 0.125], 'right')",0.0,1.641,0.02712,0.0,0.0,1.66812,0.0,0.0,0.0,0.0,0.0,0.0
,,slower,"(<NoteRangePerHand.C_TO_G: 5>, [0.5, 0.25, 1, 0.125], 'right')",0.0,1.47,0.03244,0.0,0.0,1.50244,0.0,0.0,0.0,0.0,0.0,0.0
,,slower,"(<NoteRangePerHand.C_TO_G: 5>, [0.5, 0.25, 1, 0.125], 'right')",0.0,1.4435,0.04016,0.0,0.0,1.48366,0.0,0.0,0.0,0.0,0.0,0.0
,,slower,"(<NoteRangePerHand.C_TO_G: 5>, [0.5, 0.25, 1, 0.125], 'right')",0.0,1.6915,0.0712,0.0,0.0,1.7627,0.0,0.0,0.0,0.0,0.0,0.0
,,slower,"(<NoteRangePerHand.C_TO_G: 5>, [0.5, 0.25, 1, 0.125], 'right')",0.4,3.5985,0.27376,0.0,0.16,4.43226,0.0,0.0,0.0,0.0,0.0,0.0
,,slower,"(<NoteRangePerHand.C_TO_G: 5>, [0.5, 0.25, 1, 0.125], 'right')",0.0,1.597,0.03832,0.0,0.0,1.63532,0.0,0.0,0.0,0.0,0.0,0.0
,,slower,"(<NoteRangePerHand.C_TO_G: 5>, [0.5, 0.25, 1, 0.125], 'right')",0.0,1.533,0.02764,0.0,0.0,1.56064,0.0,0.0,0.0,0.0,0.0,0.0
,,slower,"(<NoteRangePerHand.C_TO_G: 5>, [0.5, 0.25, 1, 0.125], 'right')",0.08,1.663,0.03232,0.04,0.0,1.81532,0.0,0.0,0.0,0.0,0.0,0.0
,,slower,"(<NoteRangePerHand.C_TO_G: 5>, [0.5, 0.25, 1, 0.125], 'right')",0.0,1.6115,0.0288,0.0,0.0,1.6403,0.0,0.0,0.0,0.0,0.0,0.0
,,slower,"(<NoteRangePerHand.C_TO_G: 5>, [0.5, 0.25, 1, 0.125], 'right')",0.0,1.3245,0.03584,0.0,0.0,1.36034,0.0,0.0,0.0,0.0,0.0,0.0
,,slower,"(<NoteRangePerHand.C_TO_G: 5>, [0.5, 0.25, 1, 0.125], 'right')",0.0,1.705,0.08888,0.0,0.0,1.79388,0.0,0.0,0.0,0.0,0.0,0.0
