score1,score2,pm,level,pitch_right,note_hold_time_right,timing_right,n_missing_notes_right,n_extra_notes_right,summed_right,pitch_left,note_hold_time_left,timing_left,n_missing_notes_left,n_extra_notes_left,summed_left
2.0,3.0,slower,"(<NoteRangePerHand.TWO_NOTES: 3>, [0.5, 0.25], 'right')",0.0,2.07,0.09252380952381,0.0,0.0,2.16252380952381,0.0,0.0,0.0,0.0,0.0,0.0
3.0,3.0,slower,"(<NoteRangePerHand.TWO_NOTES: 3>, [0.5, 0.25], 'right')",0.0,2.4365,0.076714285714286,0.047619047619048,0.0,2.56083333333334,0.0,0.0,0.0,0.0,0.0,0.0
5.0,5.0,slower,"(<NoteRangePerHand.TWO_NOTES: 3>, [0.5, 0.25], 'right')",0.047619047619048,2.366,0.057190476190476,0.238095238095238,0.0,2.70890476190476,0.0,0.0,0.0,0.0,0.0,0.0
3.0,3.0,slower,"(<NoteRangePerHand.TWO_NOTES: 3>, [0.5, 0.25], 'right')",0.047619047619048,3.1145,0.044714285714286,0.0,0.0,3.20683333333334,0.0,0.0,0.0,0.0,0.0,0.0
4.0,4.0,slower,"(<NoteRangePerHand.TWO_NOTES: 3>, [0.5, 0.25], 'right')",0.095238095238095,2.5245,0.119666666666666,0.047619047619048,0.0,2.7870238095238,0.0,0.0,0.0,0.0,0.0,0.0
5.0,5.0,slower,"(<NoteRangePerHand.TWO_NOTES: 3>, [0.5, 0.25], 'right')",0.095238095238095,2.856,0.288333333333333,0.142857142857143,0.0,3.38242857142857,0.0,0.0,0.0,0.0,0.0,0.0
4.0,5.0,slower,"(<NoteRangePerHand.TWO_NOTES: 3>, [0.5, 0.25], 'right')",0.142857142857143,3.106,0.140571428571428,0.0,0.047619047619048,3.43704761904762,0.0,0.0,0.0,0.0,0.0,0.0
2.0,2.0,slower,"(<NoteRangePerHand.TWO_NOTES: 3>, [0.5, 0.25], 'right')",0.0,3.2265,0.038238095238095,0.0,0.0,3.26473809523809,0.0,0.0,0.0,0.0,0.0,0.0
2.0,3.0,slower,"(<NoteRangePerHand.TWO_NOTES: 3>, [0.5, 0.25], 'right')",0.0,2.6965,0.032857142857143,0.0,0.0,2.72935714285714,0.0,0.0,0.0,0.0,0.0,0.0
4.0,3.0,slower,"(<NoteRangePerHand.TWO_NOTES: 3>, [0.5, 0.25], 'right')",0.047619047619048,3.0725,0.032809523809524,0.0,0.0,3.15292857142857,0.0,0.0,0.0,0.0,0.0,0.0
3.0,3.0,slower,"(<NoteRangePerHand.TWO_NOTES: 3>, [0.5, 0.25], 'right')",0.0,2.65800000000001,0.029190476190476,0.047619047619048,0.0,2.73480952380953,0.0,0.0,0.0,0.0,0.0,0.0
3.0,3.0,slower,"(<NoteRangePerHand.TWO_NOTES: 3>, [0.5, 0.25], 'right')",0.047619047619048,2.586,0.112714285714286,0.0,0.0,2.74633333333333,0.0,0.0,0.0,0.0,0.0,0.0
2.0,2.0,slower,"(<NoteRangePerHand.TWO_NOTES: 3>, [0.5, 0.25], 'right')",0.0,3.1885,0.028238095238095,0.0,0.0,3.2167380952381,0.0,0.0,0.0,0.0,0.0,0.0
3.0,4.0,slower,"(<NoteRangePerHand.TWO_NOTES: 3>, [0.5, 0.25], 'right')",0.095238095238095,2.041,0.056190476190476,0.047619047619048,0.0,2.24004761904762,0.0,0.0,0.0,0.0,0.0,0.0
3.0,2.0,slower,"(<NoteRangePerHand.TWO_NOTES: 3>, [0.5, 0.25], 'right')",0.047619047619048,2.0645,0.112857142857143,0.0,0.0,2.22497619047619,0.0,0.0,0.0,0.0,0.0,0.0
5.0,5.0,slower,"(<NoteRangePerHand.TWO_NOTES: 3>, [0.5, 0.25], 'right')",0.571428571428571,2.9295,0.091333333333334,0.285714285714286,0.0,3.87797619047619,0.0,0.0,0.0,0.0,0.0,0.0
1.0,2.0,slower,"(<NoteRangePerHand.TWO_NOTES: 3>, [0.5, 0.25], 'right')",0.0,2.2605,0.028333333333333,0.0,0.0,2.28883333333333,0.0,0.0,0.0,0.0,0.0,0.0
1.0,1.0,slower,"(<NoteRangePerHand.TWO_NOTES: 3>, [0.5, 0.25], 'right')",0.0,1.92649999999999,0.033666666666666,0.0,0.0,1.96016666666666,0.0,0.0,0.0,0.0,0.0,0.0
1.0,1.0,slower,"(<NoteRangePerHand.TWO_NOTES: 3>, [0.5, 0.25], 'right')",0.0,2.092,0.027666666666667,0.0,0.0,2.11966666666667,0.0,0.0,0.0,0.0,0.0,0.0
